83.10
84.70
97.60
109.50
120.80
131.00
138.60
147.60
158.80
167.20
167.36
174.64
179.55
174.91
171.18
170.09
169.36
169.55
169.55
166.64
162.45
158.55
152.91
146.73
140.64
134.82
128.09
121.55
116.73
109.82
104.27
100.00
97.73
95.91
94.36
92.00
90.82
90.36
89.55
87.09
87.00
89.09
91.18
92.00
92.82
93.73
94.36
94.45
93.73
93.55
96.82
100.09
100.73
100.36
97.82
95.36
93.82
92.18
90.45
89.45
88.09
83.82
79.09
74.09
69.55
66.36
63.09
59.36
56.82
54.64
52.45
50.27
48.18
46.18
45.18
44.64
44.64
44.64
44.64
44.64
44.55
44.45
44.27
43.73
42.91
42.00
41.00
39.73
38.91
41.00
43.45
45.27
45.64
47.45
50.64
52.45
54.00
55.45
56.82
57.73
55.55
53.00
51.18
50.91
49.18
46.27
45.09
44.09
43.09
41.91
40.64
39.55
38.45
37.64
37.73
37.91
38.18
38.45
38.82
39.36
40.27
41.82
43.09
44.09
44.64
44.09
42.91
41.73
40.55
39.45
38.18
36.82
35.09
33.73
32.82
32.00
31.27
31.00
30.73
30.27
29.64
29.18
28.64
28.00
27.09
26.09
25.18
24.36
23.73
23.36
22.91
22.09
21.18
20.36
19.64
19.09
18.55
18.00
17.55
17.00
16.55
16.36
16.55
16.64
16.82
17.00
16.82
16.73
17.00
17.36
18.00
18.55
19.18
19.55
19.55
19.64
19.64
19.82
19.91
19.64
19.00
18.91
19.45
19.18
18.91
19.00
19.27
19.64
20.09
20.55
21.00
21.73
21.73
20.91
20.82
21.18
21.64
21.64
21.27
20.91
20.45
20.00
19.36
18.64
17.91
17.36
17.27
17.18
16.45
15.43
15.15
15.06
14.19
13.22
13.13
12.95
12.39
11.38
10.33
10.05
10.29
9.80
9.22
9.53
10.05
9.73
9.37
9.35
9.36
9.23
9.05
9.11
9.18
9.25
9.18
9.07
9.00
8.73
7.97
7.10
6.46
5.98
5.14
4.40
4.34
4.78
5.80
6.83
7.64
8.78
10.11
11.95
14.33
17.26
20.78
23.73
25.55
26.27
26.91
28.09
29.36
30.64
31.36
31.18
30.64
29.36
28.09
27.64
27.55
27.55
27.45
27.36
27.36
28.55
30.36
33.27
36.82
39.45
41.55
43.64
45.91
52.09
60.55
66.82
71.45
75.09
78.55
80.64
82.18
85.91
90.18
92.73
91.18
88.09
87.45
87.09
86.73
84.09
81.09
79.55
75.55
72.09
70.09
72.00
76.36
79.45
107.45
134.27
152.18
164.91
178.64
188.55
194.45
198.45
198.82
198.73
199.82
175.91
153.55
141.36
135.27
128.45
141.36
158.18
169.73
174.91
176.00
232.00
278.45
308.00
323.09
330.45
334.27
320.00
302.36
290.18
283.18
276.64
214.45
163.18
133.00
118.18
111.45
107.73
106.73
108.09
111.00
114.82
119.27
123.91
127.91
130.64
133.18
135.45
138.00
140.91
143.82
147.00
150.36
153.82
157.45
160.55
160.73
160.09
159.55
158.55
156.55
151.55
145.82
140.00
134.18
128.27
122.00
114.55
107.00
99.36
92.00
85.36
81.27
77.91
75.18
72.73
69.64
67.09
66.00
65.09
64.45
63.82
63.09
62.91
62.82
62.18
62.00
61.45
60.64
59.91
59.27
58.45
57.73
56.91
56.18
55.36
54.64
53.18
52.64
52.18
51.45
50.64
50.00
49.27
48.36
47.36
46.45
45.91
45.82
45.73
45.73
45.64
45.64
45.36
44.64
44.18
45.55
46.82
47.18
46.36
44.55
43.09
42.18
41.27
40.27
40.00
39.55
37.09
34.55
32.64
31.55
31.82
32.09
32.55
32.91
33.55
33.64
33.73
33.91
34.64
35.09
35.36
35.36
35.00
33.55
32.09
30.73
30.09
29.73
29.55
28.55
27.64
26.91
26.18
25.36
25.09
24.91
24.73
24.09
23.55
22.91
22.45
21.82
21.18
20.64
20.27
19.91
19.45
18.82
18.00
17.27
18.09
18.82
20.18
21.64
23.27
25.00
26.18
27.55
28.91
32.18
35.27
36.45
37.82
38.82
40.91
45.55
49.00
52.73
56.18
59.55
61.18
62.82
65.36
70.00
74.18
76.64
77.36
87.45
97.45
106.73
113.64
122.64
131.36
139.18
144.45
149.55
154.27
155.82
147.73
140.45
133.91
129.73
123.27
116.91
111.73
107.09
102.82
99.18
97.45
96.82
95.45
94.00
92.00
88.91
85.36
80.91
76.36
72.00
67.82
63.82
59.82
56.00
52.27
49.36
48.36
47.36
45.73
44.18
42.64
41.27
40.82
44.09
50.45
60.45
67.18
69.18
71.73
75.73
79.64
83.73
87.82
91.18
91.00
87.55
79.82
75.18
72.82
70.00
67.91
65.91
63.73
60.82
57.82
54.82
52.18
50.45
49.00
50.18
54.73
62.64
73.55
85.00
95.18
104.36
116.64
127.00
136.09
144.18
152.55
160.91
158.27
151.82
144.73
139.36
138.36
138.00
138.73
140.36
143.27
145.27
144.55
151.45
159.73
167.09
174.82
179.18
185.45
203.91
220.64
224.64
222.09
222.27
219.45
214.73
210.18
203.91
194.64
188.91
172.45
153.45
144.64
143.09
139.73
137.55
137.55
138.55
140.82
146.18
142.55
137.91
138.00
140.36
141.91
141.91
141.82
140.45
140.00
140.27
140.55
141.27
143.64
144.73
148.64
151.91
152.00
150.09
148.36
146.73
146.27
145.73
145.36
144.55
144.00
139.45
136.18
137.00
140.73
144.27
146.36
146.55
146.55
145.36
144.09
143.73
144.73
143.73
143.82
146.64
145.00
143.55
146.55
147.45
161.45
182.27
201.91
214.27
221.18
222.00
217.73
221.00
224.45
222.73
223.55
212.00
192.55
174.09
162.27
157.45
157.00
156.27
153.91
154.36
154.36
153.64
154.18
154.73
154.55
153.73
152.64
151.91
154.64
156.36
155.00
155.45
158.09
160.27
166.09
168.73
170.55
173.09
174.82
175.27
176.27
177.45
178.36
177.36
174.73
168.64
167.09
168.73
168.73
168.73
167.36
178.18
199.00
208.45
215.18
215.91
211.27
202.27
193.55
187.64
183.27
180.64
165.00
139.09
124.09
111.91
107.18
106.73
110.36
113.18
114.36
114.73
114.09
114.36
114.36
114.73
115.18
114.82
117.73
120.55
121.82
122.27
122.45
123.91
124.00
124.73
125.27
125.73
126.64
125.36
123.64
122.55
122.45
122.73
122.55
122.73
123.36
125.09
126.27
126.36
126.55
126.91
127.09
126.82
126.73
127.00
125.09
123.73
118.45
115.18
112.55
110.09
108.36
105.27
101.73
97.73
93.36
91.45
88.27
87.82
85.82
82.64
77.73
71.73
67.18
63.27
59.55
55.73
52.00
48.64
45.55
42.64
40.91
40.73
41.00
41.36
40.91
39.55
38.00
36.73
36.91
37.36
37.73
37.45
36.55
36.45
36.27
36.73
38.09
39.55
40.55
39.82
38.73
37.82
38.73
40.55
41.18
41.82
42.27
42.64
42.73
42.91
43.09
43.18
43.09
41.64
39.73
38.00
36.36
34.91
33.55
32.45
31.45
30.55
29.73
29.09
28.55
28.09
27.82
27.55
27.36
27.09
26.91
26.82
26.82
26.82
26.00
24.22
22.45
20.75
19.18
18.18
18.36
18.55
18.55
18.45
18.45
19.09
20.05
20.46
20.61
20.73
20.82
19.82
19.09
18.73
18.45
18.00
17.36
16.91
17.09
17.45
17.82
17.73
17.55
17.00
16.09
15.18
14.73
14.91
15.55
16.00
16.36
16.64
16.64
16.55
16.73
17.91
18.00
17.40
16.28
15.00
13.91
12.91
11.85
10.93
10.31
9.50
7.69
6.97
6.71
6.69
7.15
7.70
8.25
8.67
8.82
8.85
8.85
8.91
8.91
8.90
8.80
8.32
7.73
7.30
7.15
7.25
7.18
7.09
7.04
7.00
6.93
6.87
6.75
6.68
6.51
6.28
6.08
5.98
5.90
6.05
6.39
6.69
6.91
7.06
7.19
7.19
7.29
7.90
8.92
10.45
11.92
12.70
14.07
15.60
17.14
18.04
21.18
25.18
26.82
28.27
28.27
28.27
28.82
28.73
28.91
31.00
34.36
36.91
38.09
40.45
42.82
46.09
49.18
51.64
54.82
57.55
58.73
60.36
61.18
61.82
63.91
67.27
69.91
72.09
74.27
75.09
75.55
75.45
74.91
73.91
74.55
74.55
71.27
66.55
64.91
62.91
60.91
59.18
57.73
55.45
53.09
49.00
44.91
42.82
42.82
40.27
38.45
37.09
35.73
34.27
33.18
32.00
31.45
30.73
29.55
28.73
28.00
29.45
30.82
32.55
34.64
36.91
41.45
55.55
67.73
80.27
91.73
102.18
105.82
117.36
134.09
148.18
160.45
169.36
168.18
170.73
173.45
175.91
178.82
186.36
185.91
179.91
176.73
175.73
175.73
177.09
177.18
176.73
177.45
178.73
181.36
182.64
183.00
183.27
182.73
181.91
180.09
178.00
175.82
173.36
171.45
168.73
167.64
167.27
166.27
165.36
164.91
164.55
163.82
163.09
161.18
155.91
150.09
144.55
139.64
134.91
130.00
124.82
119.64
114.27
109.09
105.09
103.55
101.73
98.55
94.91
91.27
87.73
84.55
81.36
78.55
75.91
73.73
71.82
70.36
70.18
70.09
70.00
69.91
69.64
69.27
68.64
67.82
66.64
64.73
62.00
59.18
56.82
55.09
53.27
51.45
50.00
48.73
47.55
46.45
46.00
46.45
47.00
47.27
47.18
46.73
46.64
46.09
45.73
45.45
45.36
45.09
44.73
44.00
43.18
42.09
41.55
40.64
39.91
39.00
39.27
40.55
44.45
46.82
49.27
51.64
53.64
54.82
56.00
57.36
60.09
60.00
61.00
58.73
57.45
55.91
55.45
54.27
53.91
53.45
53.00
51.09
51.09
48.82
47.36
46.27
46.00
44.64
44.27
43.82
43.27
42.18
41.18
39.91
38.64
37.36
36.36
35.45
34.73
34.18
33.55
33.09
33.09
33.00
32.73
32.55
32.45
32.36
31.91
31.27
30.64
30.18
29.91
30.00
30.64
31.27
31.73
32.00
32.27
32.36
32.55
32.09
31.18
30.55
29.82
28.64
27.55
26.55
26.18
26.64
27.09
27.36
28.09
29.18
29.82
30.18
30.27
28.61
26.70
24.19
20.85
17.66
14.65
11.81
9.04
6.38
3.76
1.51
1.12
1.06
1.04
1.10
2.47
4.48
6.05
7.45
9.11
10.65
12.53
14.13
15.37
16.54
17.55
17.18
16.18
15.64
15.27
14.55
14.09
13.00
12.36
12.00
11.82
11.73
11.64
11.91
12.55
12.55
12.55
12.36
12.55
12.64
12.82
12.82
13.27
14.00
14.55
14.82
15.73
16.36
16.64
16.91
17.09
17.36
18.00
18.45
18.73
18.82
18.64
18.45
18.64
19.18
19.64
20.09
20.64
20.73
20.45
20.00
19.45
19.00
18.55
18.00
16.93
15.56
14.93
14.84
18.47
20.65
22.75
24.84
26.84
28.84
30.47
31.82
33.36
34.09
34.00
30.27
28.00
