7.5
4.9
2.85
2
1.3
1.25
4.75
3.8
2.2
2.6
4.85
2.75
0.9
0.25
0.35
0.35
7.5
8.25
7.15
6
5.2
6.9
7.9
6.8
7.95
10.7
10.5
8.7
9.35
10.9
7.55
7.15
10.7
12
11.85
10.05
7.85
8.45
10.65
10.4
9.05
10
7.4
6.15
8.2
9.55
10.2
11.75
11.15
10.45
9.05
9.9
9.9
10.1
9.05
7.85
5.85
6.25
7.1
7.5
8
6.55
6.4
6.95
12.6
13.15
12.9
13.35
15.25
15.4
14.1
14.7
14.1
14.65
14.75
14.1
12.5
13
14.05
14.2
14.3
14.6
13.75
13.1
11.55
13.5
14.3
13.55
13.3
11.85
12.1
12.55
12.2
10.15
8.15
7.8
11.5
11.2
10.2
10.95
10.25
10.75
12.3
11.55
12.05
13.75
15
16.15
16.45
14.85
14.85
13.9
12.85
14.1
12.3
11.85
14.65
15.35
9.7
7.45
6.15
6.15
5.05
5.15
8.65
11.65
13.25
13.45
14.75
14.1
12.8
11.6
10.2
9
10.25
12.2
12.5
12.7
13.3
16.4
17.6
16.8
13.5
13.1
11.25
10.3
11.05
16.25
16.3
17.85
19
19.8
20.15
20.5
20
19.15
18.25
18.95
18.6
18.65
16.05
14.25
14.2
16.65
18.65
19.45
18.6
17.2
17.25
18.2
16.9
15
15
14.75
14.45
13.75
16.05
16.15
15.75
14.6
15
13.9
15.5
16.35
16.65
16.5
15.7
15.7
15.35
14.95
14.8
13.95
13.15
12.65
11.55
11.35
11.1
11.35
11.45
11.5
11.95
12.25
12.35
13.15
13.85
13.75
15.05
15.3
16.55
17.1
17.35
18.1
18.95
19.55
18.9
17.35
16.9
15.95
16
16.25
16.6
16.9
17.2
17.15
17.75
17
17.2
16
15.75
15.7
16.35
16.75
17.95
17.7
17.05
15.75
15.35
15.75
16.5
17.5
18.05
19.05
19.2
19.5
20.2
19.6
19.7
19.85
18.7
18
18.65
19.05
18.3
16.25
14.95
14.5
14.9
14.55
14.9
13.5
14
15.65
16.7
16.7
15.2
14.65
15.1
14.3
14.25
14.65
14.2
14
14.45
14.5
14.65
13.85
12.2
11.65
11.2
11.35
12.25
11.1
7.45
4.5
4.3
6.1
6.85
6.8
7.1
7.1
6.45
5.75
6.55
7.4
8.1
8.5
7.75
8.45
9.8
10
10.15
9.55
9.15
10.05
11.75
14.15
11.9
0.25
0.2
0.2
0.2
0.2
0.25
0.25
0.35
0.35
0.3
0.3
0.7
2.8
4.55
8.8
6.15
0.2
0.2
2.15
7.2
1.85
0.1
0.1
0.1
0.1
0.1
0.1
0.1
0.1
0.1
0.15
0.15
0.2
0.4
0.4
0.45
1.1
4.3
5.85
5.05
6.55
6.2
2.95
2
3.8
5.7
9.4
8.2
8.05
8.3
8.1
8.2
8.1
7.4
6.5
5.35
2.55
1.45
1.85
2.4
4.15
12.4
12.1
11.35
11.5
11.95
9.2
8.1
8.8
9.7
10.9
9.1
9.55
10.5
9.9
9.2
8.8
9.5
9.85
8.6
7.25
10.2
10.1
9.55
10.95
9.9
9
10.4
11.95
13.15
11.6
10.75
9.65
9.8
9.05
7.95
9.45
10.85
11.25
12.1
14.95
15.1
14.05
14.5
14.85
14.7
15
12.85
10.85
10.8
13.2
12.6
13.55
14.75
12.25
11.05
9.25
7.25
6.6
5.7
6.05
6.55
7.3
8.3
9.3
10.4
11.35
12.5
12.65
12.2
9.9
11.8
13.95
15.55
15.55
16
15.25
15.5
15.2
14.55
15.9
17.45
17.8
16.75
17.7
16.75
16.3
16.8
17.5
17.4
17.35
18.8
19.55
20.3
19.4
19.5
18.9
18.4
18.5
19.65
19.2
17.25
15.4
14.65
14.85
16.3
17.4
16.2
15.4
14.7
14.95
15.7
17
17.65
17.1
14.4
14.95
15.9
16.15
15.35
14.4
13.6
14.3
13
14.35
12.25
9.85
9.2
9.45
8.9
8.6
8.05
7.65
6.55
9.85
9.35
7.9
5.45
1.85
2.65
3.45
4.2
3.8
5.8
6.75
7.8
6.05
3.6
3.25
6.85
8.55
9.2
6.8
4.7
5.75
8.15
9.25
9.85
8.2
6
8.2
13.9
16
17.1
16.85
14.4
12.3
12.2
12.6
13.25
14.2
14.4
13.55
12.05
12.35
13.3
11.25
9.95
11.2
14.2
13.2
10.25
11.25
10.15
7.75
7.2
7.05
7.4
7.5
7.85
7.55
6.3
7
6.3
6.7
8.85
9.85
11.55
13.75
13.05
13.9
14.15
14.65
13.55
12.1
12.05
12.75
13.05
10.7
8.4
3.35
0.95
0.9
0.7
0.45
0.6
0.6
0.4
0.25
0.2
0.2
0.2
0.25
0.7
1.75
2.2
4.3
4.55
5.75
5.65
5.65
4.85
4.25
1.15
0.9
0.4
0.2
0.15
0.1
0.1
0.15
0.15
0.15
0.3
0.35
0.35
0.3
0.2
0.15
0.15
0.15
0.2
0.25
0.3
0.75
1
1.4
2.9
4.15
6.05
6.55
6.6
6.9
5.1
3.6
2.5
1.8
2.25
1.35
2.4
3.75
4.2
1.4
0.25
0.35
0.95
1.8
1.9
1.65
1.1
0.95
1.3
2.6
2.85
2.75
3.65
3.85
5.4
5.9
6.1
6.4
5.6
5.3
9.25
3.15
1.2
0.4
0.5
1.05
2.8
3
2.6
2.75
1
0.1
0.1
0.1
0.75
4.2
4.35
4.65
6.05
6.2
7
6.2
5.9
6.1
6.05
6.7
6.9
3.75
1.4
0.25
0.2
0.55
0.6
1.95
2.5
3.1
4.25
3.6
2.4
3.2
3.85
3.35
2.15
0.65
0.55
1.45
2.8
3.7
3.75
6
6.75
7.25
7.05
7.15
7.15
5.1
3.4
1.5
1.75
1.3
0.85
0.15
0.1
0.1
1.1
3.15
5.25
2.45
1.5
3.5
6.05
5.4
3.1
3.05
4.35
5.35
4.8
5.7
6.25
5.95
3.8
2.55
2
2.15
4.8
8.75
8.6
4.15
1.3
2.55
3.65
2.15
1.7
1.6
2.05
1.5
1.1
1.7
7
7.85
8.6
7.35
4.85
5.15
5.55
4.2
1.95
3.75
7
8.55
8
9.15
6.15
5.5
6.1
4.4
8.35
10.3
11
11.9
11.75
10.45
7.35
7.85
9.7
9.65
8.45
9.3
9.8
9.15
7.85
7.3
10.7
11.8
12.65
13.75
13.5
12.75
10.45
8.25
8.5
9.1
10.35
12.05
13.55
10.9
10.2
10.95
10.9
8.8
6.75
5.2
5.55
8.6
12.35
13.55
11.6
11.25
11.3
13.25
13.25
13.1
11.5
10.65
8.6
9.25
8.85
9.65
11.3
12.35
11.5
11.75
12.8
12.4
12.15
9.6
8.15
8.1
7.7
10.75
9.9
8.4
8.4
10
10.6
12
14
13.15
12.25
11.7
11.75
13.25
12.9
12.7
13.3
15.2
13.25
11.85
10.6
9.85
9.85
10.7
13.85
13.35
12.65
14.45
14.55
13.75
12.25
12.6
14.9
14.15
16.1
17.85
17.75
17.55
16.8
16.05
15.45
15.4
15.15
15
14.2
14.75
16.2
15.15
15.3
15.35
17.15
18.05
16.6
16.15
15.2
15.1
14.4
15.75
16.1
16.55
16.25
15.7
15.15
14.75
14.9
15.8
16
17.35
18.35
19.7
20.1
20.65
20.8
20.55
19.55
19.5
19.6
19.3
17.4
18.4
19.1
19.7
20.5
20.7
20.35
18.95
18.35
20.05
20.5
19.65
19.05
18.7
18.75
19.25
19.4
19.65
18.65
17.8
17.25
17.75
18.55
19.6
16.25
14.9
13.6
13.6
13.9
16.2
16.5
15.75
15.45
14.95
14.2
12.2
11.1
11.15
10.85
12
13.25
14.55
11.55
10.1
10.85
12.5
15.05
16.05
15.15
13.85
11.75
10.6
10
9.3
9
7.2
6.1
6.65
7.1
6.3
7.45
9.9
10.15
8.9
6.85
6
4.9
4.2
3.65
5
7
7.7
7.9
7.25
6.85
6.5
5.6
6.1
7.15
7.35
7.45
8.25
7.65
7
7.15
7.45
7.15
8.45
10.15
11.6
10.75
10.6
10.1
10.2
10.7
10.85
12.55
13.65
15.65
16.6
15.15
13.9
13.15
13.4
12.3
9.6
9.65
9.5
7.4
5.95
5.85
4.5
3.65
3
2.1
0.3
0.3
0.85
1.7
2.3
2.15
2.5
1.6
2.75
3.7
5.1
5.3
4.8
3.95
2.85
4.5
4.35
4.6
3.7
4.1
4.65
3.9
3.6
2.8
2.5
1.8
2.5
4.2
7.25
8.35
6.8
7.3
7.9
6.8
7.2
7.85
8.4
9.05
8.95
10.7
10.85
12.2
11.15
11.4
13.25
13.8
12.35
10.05
9.7
10.05
10.25
11
11.2
11.8
14.7
15.9
15.55
14
11.9
15.5
15.55
14.15
13.5
14.35
14.85
15.75
15.35
14.05
13
13.5
14.2
14.35
14.7
15.65
18.3
18.8
16.75
14.35
15.65
16.25
17.15
17.25
17.55
19.8
19.1
20.1
20.65
20.9
18.7
16.2
13.75
11.25
8.95
8.1
9.2
11.65
14.15
14.65
14.5
16.6
17.95
16.2
13.75
12.25
10.7
9.5
6.75
9.05
8.65
7.5
7.5
9.45
7.5
6.65
5.75
8.7
6.4
7.75
10.35
11.75
10.9
9.9
8.9
8.1
9.6
10.15
9.8
8.3
8.5
7.5
6.6
10.6
11.7
12.8
9.8
8.55
8.5
8.45
9.3
10.9
14.1
14.9
16.3
15.8
14
13.95
15.65
16.1
16.6
15.05
14.05
14.8
15.8
16
15.65
14.5
15.85
16.5
17.2
15.75
14.3
13.65
13.9
14.25
14.5
14.1
12.7
12.85
15.25
16.55
17.6
18.35
18.45
18.6
16.75
16.75
16.9
17.5
15.45
14.3
14.65
16.15
16.1
15.45
17.85
18.6
19.45
21
22.35
21.2
21.8
20.1
20.55
20.8
20.4
19.4
19.75
19.75
20.75
21.8
21.5
20.4
19.35
18.6
17.55
16.7
16.7
21.3
16.4
15.6
17
17.95
18.05
17.85
17.7
17.6
18.15
19.15
20.8
21.5
20.95
21.1
19
18.1
16.7
15.85
17.05
16.95
17.85
19.35
20.05
20.15
20.7
21
20.3
19.25
19
19.5
18.6
17.6
17.65
20.1
20.9
20.9
20.6
19.65
19
19.6
20.15
23.3
25.95
25
25.1
26
26.1
24.1
24.4
24.1
23.2
23
22.85
21.8
20.95
19.35
17.85
17.65
16.65
16.15
15
15
15
14.85
15.05
14.8
