0.42
0.195
0.135
0.12
0.125
0.13
0.13
0.135
0.14
0.145
0.145
0.145
0.155
0.16
0.16
0.17
0.165
0.225
0.2
0.275
0.27
0.335
0.46
0.695
0.38
0.23
0.855
0.38
0.285
0.76
0.575
0.41
0.595
1.87
1.725
1.925
1.525
0.455
1.025
1.125
0.93
0.42
0.335
0.29
0.28
0.595
0.975
2.43
2.78
3.085
1.725
0.55
0.58
0.675
0.525
0.395
0.31
0.29
0.29
0.345
0.41
0.385
0.385
0.41
1.09
3.65
4.275
3.125
6.405
4.745
4.24
3.635
3.74
4.255
4.855
5.625
3.61
3.695
5.3
5.17
4.82
4.13
3.845
2.94
2.485
2.37
2.94
3.29
2.64
2.36
2.24
2.255
2.1
2.095
1.4
0.905
1.31
2.21
1.565
1.815
1.92
1.61
2.675
2.68
2.475
4.84
5.425
7.18
6.7
5.1
4.395
3.68
3.79
3.825
3.745
1.895
2.615
8.795
1.82
0.87
0.845
0.93
0.7
0.67
0.865
2.805
3.76
4.025
4
5.28
4.15
3.535
2.825
2.17
2.155
2.605
2.765
3.385
3.74
4.765
6.415
6.355
5.495
3.91
2.43
1.505
2.035
7.05
8.45
8.5
8.4
8.35
8.55
9.2
8.6
8.45
8.1
8.2
7.95
7.65
7.19
5.07
3.54
5
6.7
7.45
6.9
6.25
6.65
7
6.9
5.55
5.2
5.25
4.95
4.95
6
5.6
5.6
5.05
5.85
5.45
6.03
6.695
7.495
7.2
6.4
6.5
6.25
6.25
5.5
4.7
4.03
3.69
3.36
3.115
3.29
3.395
3.15
3.34
3.795
3.56
3.89
4.1
4.05
4.45
5.8
6.25
7.25
7.7
7.5
8.35
9.35
9.7
9.45
7.55
7
5.95
5.65
6.3
6.35
7.15
7.35
7.3
8.1
7.2
7.65
6.95
6.9
7.1
6.95
7.5
8.6
7.95
7.4
6.5
6
6.45
6.65
7.75
7.8
7.85
8.1
8.6
9.45
9.55
9.05
9.05
8.2
8
8.6
8.95
8.35
5.6
4.56
4.085
4.535
4.685
4.6
3.76
3.48
3.84
4.635
5.15
4.4
5.425
5.45
5.28
5.245
5.61
4.835
4.29
4.845
4.6
4.025
3.305
1.89
1.985
2.34
2.05
2.42
1.92
0.49
0.395
0.38
0.435
0.41
0.395
0.395
0.36
0.36
0.375
0.365
0.37
0.39
0.38
0.415
0.58
2.19
1.69
1.285
1.14
0.785
1.385
0.95
6.7
7.565
0.14
0.14
0.145
0.145
0.155
0.185
0.195
0.2
0.205
0.19
0.19
0.2
0.205
0.21
0.345
0.16
0.115
0.125
0.14
0.14
0.07
0.06
0.065
0.075
0.07
0.06
0.08
0.085
0.09
0.095
0.095
0.1
0.12
0.125
0.13
0.12
0.13
0.135
0.14
0.15
0.16
0.165
0.17
0.175
0.18
0.17
0.18
0.195
0.225
0.255
0.285
0.43
0.345
0.3
0.225
0.21
0.21
0.215
0.22
0.23
0.235
0.245
1.42
0.87
1.32
2.77
2.325
2.075
1.48
2.38
2.925
1.975
1.425
1.225
1.225
0.78
0.515
0.73
0.93
1.58
0.63
0.685
2.435
1.135
0.98
1.585
0.635
0.84
1.39
1.75
1.24
1.23
1.265
1.605
1.3
1.1
1.3
2.1
2.345
2.845
3.795
5.51
4.005
3.705
3.68
3.25
4.4
3.605
2.9
2.625
3.25
3.125
4.26
4.665
3.315
2.955
1.16
0.5
0.48
0.415
0.45
0.72
1.03
1.225
2.125
2.28
3.835
5.055
4.53
4.125
2.385
2.015
2.275
4.095
6.815
7.04
6.335
6.5
5.4
4.73
7.47
8
8.05
6.35
8
6.35
5.75
5.45
6.1
7.4
7.65
8.95
10.65
11.15
9.85
9.85
9.15
7.65
7.4
7.65
7.8
7
5.3
4.125
5.25
5.85
8.5
5.7
5.3
4.85
5.1
6.15
5.85
6.1
5.9
5.255
3.385
4.215
5.08
4.935
2.91
2.885
4.13
4.045
4.295
1.1
0.545
0.335
0.365
0.42
0.375
0.365
0.415
0.235
0.205
0.225
0.255
0.25
0.215
0.215
0.23
0.225
0.225
0.23
0.23
0.24
0.25
0.26
0.265
0.26
0.275
0.315
0.355
0.31
0.28
0.26
0.295
0.385
0.49
0.305
0.28
0.58
6.405
10.6
9
3.65
2.695
2.545
3.195
3.385
4.48
4.295
4.505
3.585
2.665
3.23
2.93
2.14
2.445
3.72
3.375
1.31
0.675
0.675
0.39
0.29
0.33
0.29
0.29
0.305
0.325
0.325
0.305
0.3
0.325
0.61
2.39
3.35
4.82
5.36
4.865
5.36
5.455
5.455
3.75
3.4
3.01
2.905
1.795
0.475
0.245
0.215
0.2
0.2
0.165
0.14
0.16
0.18
0.16
0.13
0.145
0.16
0.18
0.175
0.155
0.145
0.155
0.16
0.17
0.175
0.175
0.17
0.165
0.14
0.14
0.14
0.12
0.075
0.075
0.09
0.1
0.09
0.1
0.11
0.115
0.115
0.125
0.125
0.11
0.11
0.13
0.135
0.14
0.145
0.145
0.15
0.155
0.165
0.165
0.175
0.18
0
0.17
0.165
0.18
0.19
0.2
0.205
0.195
0.175
0.16
0.17
0.15
0.11
0.125
0.135
0.145
0.145
0.145
0.155
0.16
0.15
0.155
0.165
0.165
0.175
0.17
0.185
0.2
0.205
0.215
0.21
0.2
0.225
0.185
0.185
0.18
0.175
0.175
0.165
0.165
0.165
0.135
0.11
0.09
0.075
0.08
0.095
0.1
0.11
0.11
0.11
0.12
0.13
0.2
0.16
0.165
0.175
0.21
0.51
0.18
0.155
0.12
0.125
0.125
0.13
0.135
0.14
0.13
0.14
0.135
0.135
0.15
0.15
0.15
0.13
0.115
0.115
0.12
0.125
0.125
0.125
0.125
0.17
0.235
0.365
0.42
0.435
2.815
0.15
0.175
0.17
0.175
0.145
0.105
0.11
0.11
0.12
0.125
0.13
0.14
0.145
0.145
0.145
0.155
0.15
0.16
0.16
0.165
0.165
0.175
0.175
0.19
0.185
0.185
0.19
0.195
0.195
0.235
0.475
0.19
0.185
0.19
0.185
0.185
0.185
0.185
0.195
0.195
0.195
0.2
0.205
0.21
0.235
0.215
0.21
0.215
0.215
0.215
0.215
0.225
0.225
0.22
0.225
0.295
0.255
0.23
0.23
0.235
0.24
0.235
0.42
0.55
0.47
0.625
0.4
0.36
0.36
0.37
0.445
0.535
0.615
0.49
0.41
0.4
0.645
1.495
1.505
2.685
2.835
2.31
1.705
0.7
1
0.95
0.85
2.1
3.305
2.61
1.155
1.165
1.33
0.77
0.51
0.405
0.44
0.605
2.305
3.725
3.635
3.37
3.62
3.325
3.625
3.335
2.675
2.195
0.405
0.31
0.325
0.38
0.75
1.455
1.805
1.355
1.755
1.61
1.255
0.59
0.54
0.525
0.44
0.54
0.71
0.64
0.855
1.455
2.055
1.955
4.9
3.56
2.46
2.46
2.01
2.965
2.415
2.435
2.265
4.05
3.295
2.76
2.5
2.22
2.31
2.04
2.8
3.105
2.86
3.39
3.81
3.935
3.37
2.78
4.415
4.46
6.545
7.8
7.05
6.26
6.55
6.535
5.59
5.84
5.81
5.365
4.545
4.185
6.1
4.85
5.5
5.55
6.4
6.7
5.855
6.04
5.875
5.87
5.765
6.195
6.2
7.3
6.8
6.35
6
5.4
5.45
6.15
6.05
7.42
8.15
8.85
9.65
10.4
10.3
10.3
9.55
9.8
9.55
7.9
7.1
8.65
10
9.6
10.3
10.4
10.3
9.05
8.4
8.9
9.9
8.8
8.25
7.65
6.85
7.75
8.35
9.45
8.2
7.45
7.14
6.99
7.75
9.05
7.785
4.96
3.435
3.05
3.925
5.6
6.55
6.75
6.15
5.7
4.9
4.145
4.095
3.565
2.675
2.73
2.895
4.135
1.78
1.18
1.8
3.06
5.485
6.93
6.655
4.915
3.2
1.595
1.2
0.64
0.505
0.445
0.43
0.425
0.46
0.45
0.445
0.58
1.485
0.935
0.605
0.47
0.4
0.37
0.355
0.36
0.39
0.39
0.41
0.415
0.41
0.345
0.325
0.335
0.345
0.365
0.36
0.385
0.415
0.41
0.43
0.465
0.455
0.87
1.43
2.03
2.485
2.935
2.53
2.13
2.035
2.24
2.645
3.6
5.23
6.095
5.33
4.58
3.415
3.605
2.55
0
0.915
0.635
0.525
0.3
0.26
0.25
0.25
0.24
0.245
0.21
0.2
0.195
0.19
0.19
0.18
0.185
0.18
0.165
0.155
0.155
0.16
0.15
0.155
0.155
0.165
0.165
0.165
0.17
0.175
0.175
0.185
0.185
0.185
0.185
0.19
0.185
0.19
0.195
0.195
0.2
0.205
0.215
0.255
0.315
0.525
0.755
1.11
1.06
2.265
2.415
3.52
1.985
2.08
1.03
3.38
2.135
1.135
0.835
0.84
0.84
1.44
2.095
1.35
3.855
5.615
4.65
4.31
2.91
3.105
3.795
3.935
2.875
2.925
4.975
6.23
6.745
5.79
5.29
4.785
4.385
4.185
3.71
3.095
4.155
4.105
4.055
3.88
3.665
4.815
6.31
6.56
7.89
9.15
8.9
9.65
9.55
8.85
7.08
4.925
3.715
2.695
1.64
1.14
1.095
2.395
5.3
6.27
5.245
6.305
6.33
4.925
3.605
2.385
1.895
1.75
0.855
0.825
0.82
1.02
0.87
2.02
1.27
1.375
0.665
0.59
0.645
0.47
0.475
1.425
2.025
2.575
2.125
1.575
1.33
2.935
3.185
1.73
0.93
0.635
0.485
0.535
1.035
1.505
1.095
1.09
1.395
1.54
1.53
2.425
4.38
5.93
6.74
5.895
4.21
3.66
4.32
5.19
6.28
5.585
5.435
4.725
5.97
5.715
6.965
5.535
4.86
5.68
4.73
3.4
3.055
2.64
2.615
2.395
3
3.5
3.5
4.085
5.3
6.4
7.45
7.45
7.05
7
6.11
6.15
5.9
6.655
6.175
4.725
4.685
5.55
6.7
6.25
6.6
7.15
8.35
10.2
11
10.4
10.45
9.45
9.65
10.25
10.55
10.45
10.4
10.95
10.4
10.1
10.2
9.35
8.65
7.7
7.45
6.7
5.8
5.8
5.3
6.25
7.7
8.05
8.45
7.9
7.8
7.75
7.8
8.65
10.15
10.75
10.2
10.3
10.1
9.2
6
5.8
7.3
7
7.85
9.5
9.15
9.5
10.25
10.35
9.4
9.15
9.05
9.1
8.4
8
7.75
9.1
10.35
10.5
9.85
9.65
9.35
9.25
10.05
12.75
16.45
15.25
15.3
15.95
16
14.45
14.15
13.7
13
12.35
12.3
11.1
10.45
8.95
7.65
6.75
5.8
5.4
4.95
5.65
5.5
6.15
5.9
6.4
