0.20
0.20
0.20
0.20
0.20
0.12
0.12
0.12
0.11
0.11
0.11
0.10
0.12
0.14
0.18
0.17
0.20
0.20
0.20
0.20
0.20
0.20
0.20
0.20
0.20
0.20
0.20
0.20
0.20
0.20
0.20
0.20
0.20
0.21
0.23
0.23
0.22
0.22
0.21
0.27
0.28
0.28
0.28
0.22
0.22
0.24
0.30
0.30
0.30
0.30
0.23
0.20
0.26
0.22
0.28
0.30
0.30
0.30
0.30
0.30
0.30
0.30
0.30
0.30
0.30
0.30
0.33
0.30
0.44
0.37
0.30
0.31
0.31
0.32
0.34
0.44
0.32
0.32
0.37
0.37
0.35
0.33
0.32
0.30
0.30
0.30
0.30
0.32
0.31
0.30
0.30
0.30
0.30
0.30
0.30
0.30
0.30
0.30
0.30
0.30
0.30
0.30
0.30
0.30
0.30
0.35
0.37
0.80
0.75
0.48
0.39
0.33
0.32
0.33
0.31
0.30
0.30
0.72
0.31
0.30
0.30
0.30
0.30
0.30
0.30
0.30
0.30
0.32
0.31
0.37
0.32
0.31
0.30
0.30
0.30
0.30
0.30
0.32
0.33
0.34
0.49
0.52
0.41
0.32
0.31
0.30
0.30
2.06
4.33
3.90
2.25
2.00
1.94
1.97
2.05
1.67
1.58
1.84
1.67
1.49
1.05
0.49
0.38
0.61
1.12
1.37
1.09
0.93
0.90
1.38
1.23
0.79
0.89
1.00
1.05
1.43
2.48
1.41
0.98
0.96
1.17
1.12
0.67
0.66
0.90
0.92
0.84
0.88
0.86
0.85
0.80
0.65
0.54
0.47
0.42
0.43
0.42
0.41
0.41
0.42
0.44
0.46
0.50
0.54
0.56
0.78
1.63
1.64
1.81
1.83
1.73
1.75
1.95
2.62
2.25
1.18
0.98
0.80
0.77
1.04
1.10
1.33
1.50
1.43
1.78
1.38
1.27
1.06
0.97
1.08
1.49
1.78
2.00
1.94
1.83
1.46
1.17
1.08
1.29
1.64
1.83
2.04
2.49
2.69
3.08
2.66
2.32
2.31
1.77
1.73
2.22
2.99
2.55
0.64
0.46
0.44
0.47
0.48
0.48
0.43
0.42
0.45
0.55
0.66
0.59
0.64
0.59
0.51
0.51
0.56
0.50
0.47
0.50
0.51
0.43
0.36
0.33
0.30
0.31
0.37
0.37
0.30
0.30
0.30
0.30
0.30
0.30
0.30
0.33
0.31
0.30
0.31
0.31
0.30
0.30
0.30
0.30
0.34
0.39
0.35
0.35
0.35
0.34
0.32
0.30
0.34
1.27
0.20
0.12
0.17
0.20
0.20
0.20
0.20
0.20
0.20
0.20
0.20
0.20
0.20
0.20
0.20
0.20
0.16
0.20
0.20
0.20
0.11
0.10
0.10
0.10
0.10
0.10
0.10
0.10
0.10
0.10
0.11
0.13
0.17
0.18
0.15
0.17
0.18
0.18
0.19
0.20
0.20
0.20
0.20
0.20
0.20
0.20
0.20
0.20
0.20
0.20
0.20
0.20
0.20
0.20
0.20
0.20
0.20
0.20
0.20
0.20
0.20
0.20
0.20
0.20
0.20
0.21
0.21
0.27
0.26
0.23
0.21
0.22
0.21
0.21
0.23
0.27
0.24
0.24
0.27
0.26
0.24
0.27
0.30
0.29
0.27
0.30
0.30
0.30
0.30
0.30
0.30
0.30
0.30
0.30
0.30
0.30
0.30
0.30
0.30
0.30
0.31
0.38
0.32
0.31
0.30
0.30
0.31
0.31
0.30
0.30
0.31
0.30
0.30
0.34
0.31
0.31
0.30
0.30
0.30
0.30
0.30
0.30
0.30
0.30
0.31
0.31
0.36
0.44
0.42
0.43
0.33
0.30
0.30
0.32
0.46
0.76
0.59
0.89
0.58
0.49
1.08
1.51
1.35
0.91
1.45
0.94
0.95
0.88
0.89
1.19
1.64
2.66
3.79
4.08
2.87
2.88
2.36
1.55
1.43
1.72
1.74
1.16
0.68
0.41
0.43
0.56
1.47
1.04
0.87
0.92
1.07
1.26
0.99
0.72
0.72
0.51
0.32
0.36
0.42
0.39
0.31
0.31
0.35
0.37
0.35
0.30
0.30
0.30
0.30
0.30
0.30
0.30
0.30
0.26
0.28
0.29
0.30
0.26
0.20
0.22
0.22
0.20
0.20
0.20
0.20
0.20
0.21
0.23
0.28
0.28
0.29
0.30
0.30
0.30
0.28
0.27
0.29
0.30
0.30
0.30
0.30
0.30
0.30
2.01
1.87
0.39
0.33
0.32
0.32
0.32
0.33
0.32
0.33
0.32
0.30
0.30
0.30
0.30
0.34
0.38
0.37
0.32
0.24
0.22
0.20
0.22
0.22
0.21
0.22
0.27
0.28
0.30
0.30
0.30
0.30
0.30
0.30
0.33
0.39
0.39
0.37
0.39
0.43
0.41
0.33
0.31
0.31
0.30
0.29
0.25
0.20
0.20
0.20
0.20
0.20
0.20
0.20
0.20
0.20
0.18
0.14
0.18
0.20
0.20
0.20
0.14
0.20
0.20
0.20
0.20
0.20
0.20
0.16
0.17
0.14
0.17
0.18
0.10
0.10
0.10
0.10
0.10
0.10
0.10
0.10
0.12
0.18
0.14
0.10
0.10
0.10
0.10
0.10
0.10
0.10
0.10
0.11
0.13
0.14
0.18
0.19
0.19
0.13
0.17
0.20
0.20
0.20
0.20
0.20
0.20
0.20
0.20
0.16
0.10
0.10
0.12
0.18
0.18
0.20
0.20
0.14
0.18
0.20
0.20
0.20
0.20
0.20
0.20
0.20
0.20
0.20
0.20
0.20
0.21
0.20
0.20
0.20
0.20
0.20
0.19
0.18
0.20
0.10
0.10
0.10
0.10
0.10
0.10
0.10
0.10
0.10
0.10
0.10
0.10
0.10
0.12
0.13
0.19
0.20
0.20
0.20
0.17
0.10
0.14
0.16
0.18
0.19
0.20
0.20
0.20
0.20
0.20
0.20
0.20
0.20
0.20
0.20
0.19
0.20
0.20
0.19
0.18
0.16
0.20
0.20
0.20
0.20
0.20
0.20
0.14
0.20
0.20
0.20
0.17
0.10
0.10
0.10
0.10
0.10
0.12
0.18
0.17
0.17
0.18
0.19
0.19
0.20
0.20
0.20
0.20
0.20
0.20
0.20
0.20
0.20
0.20
0.20
0.20
0.20
0.20
0.18
0.19
0.20
0.20
0.20
0.20
0.20
0.20
0.20
0.20
0.20
0.20
0.20
0.20
0.20
0.20
0.20
0.20
0.20
0.20
0.20
0.20
0.20
0.20
0.20
0.20
0.20
0.20
0.20
0.22
0.20
0.20
0.20
0.20
0.20
0.20
0.20
0.20
0.20
0.20
0.21
0.21
0.29
0.30
0.30
0.30
0.30
0.30
0.30
0.30
0.30
0.30
0.30
0.30
0.30
0.30
0.30
0.30
0.30
0.30
0.30
0.30
0.30
0.30
0.30
0.30
0.30
0.30
0.30
0.31
0.32
0.34
0.32
0.32
0.33
0.31
0.30
0.30
0.30
0.30
0.30
0.30
0.30
0.30
0.30
0.30
0.30
0.30
0.30
0.30
0.30
0.30
0.30
0.30
0.30
0.30
0.30
0.30
0.30
0.34
0.31
0.30
0.30
0.30
0.31
0.30
0.30
0.30
0.30
0.32
0.32
0.32
0.31
0.32
0.30
0.30
0.30
0.30
0.30
0.31
0.31
0.32
0.32
0.37
0.41
0.72
1.15
1.09
0.93
0.81
0.67
0.63
0.54
0.51
0.45
0.40
0.39
0.67
0.76
1.19
0.97
0.97
1.03
0.67
0.64
0.58
0.55
0.58
0.71
0.77
0.95
0.89
0.77
0.81
0.76
0.78
0.89
0.86
0.87
1.11
1.45
1.97
2.52
2.69
2.73
2.99
3.86
4.52
3.41
2.53
2.81
3.30
3.09
2.91
2.83
2.59
2.09
1.99
2.52
2.90
2.36
1.89
1.79
1.80
2.16
2.15
2.29
1.90
1.20
0.80
0.82
1.32
1.51
1.08
0.41
0.34
0.42
0.53
0.72
1.00
1.05
0.93
0.51
0.56
0.43
0.42
0.42
0.40
0.40
0.40
0.40
0.30
0.31
0.40
0.40
0.48
0.60
0.56
0.45
0.33
0.34
0.34
0.31
0.33
0.34
0.33
0.32
0.33
0.34
0.33
0.31
0.32
0.31
0.30
0.30
0.30
0.30
0.30
0.30
0.30
0.30
0.30
0.30
0.30
0.30
0.30
0.30
0.30
0.36
0.30
0.30
0.30
0.30
0.30
0.30
0.30
0.30
0.35
0.31
0.30
0.31
0.31
0.31
0.32
0.33
0.36
0.39
0.51
0.66
0.54
0.45
0.32
0.31
0.30
0.30
0.30
0.30
0.29
0.24
0.22
0.21
0.21
0.21
0.24
0.20
0.20
0.20
0.20
0.20
0.20
0.20
0.20
0.20
0.19
0.18
0.17
0.17
0.15
0.16
0.18
0.14
0.19
0.20
0.20
0.20
0.20
0.20
0.20
0.20
0.20
0.20
0.20
0.20
0.20
0.20
0.20
0.20
0.20
0.20
0.20
0.20
0.20
0.20
0.21
0.21
0.23
0.24
0.24
0.21
0.21
0.24
0.25
0.26
0.29
0.30
0.30
0.30
0.30
0.30
0.30
0.30
0.30
0.30
0.30
0.30
0.30
0.31
0.31
0.37
0.48
0.58
0.49
0.44
0.40
0.35
0.34
0.32
0.31
0.32
0.36
0.42
0.44
0.43
0.46
0.56
0.61
1.11
1.83
1.78
2.03
2.05
1.81
0.96
0.46
0.39
0.38
0.34
0.39
0.40
0.40
0.46
0.61
0.49
0.58
0.62
0.50
0.42
0.40
0.40
0.34
0.30
0.30
0.30
0.30
0.30
0.30
0.30
0.30
0.30
0.30
0.30
0.30
0.30
0.30
0.30
0.31
0.31
0.31
0.32
0.33
0.34
0.31
0.31
0.31
0.32
0.33
0.32
0.31
0.32
0.34
0.38
0.40
0.40
0.40
0.44
0.61
0.78
0.60
0.45
0.42
0.46
0.50
0.56
0.51
0.53
0.46
0.57
0.55
0.76
0.65
0.52
0.55
0.42
0.40
0.40
0.40
0.40
0.40
0.41
0.49
0.50
0.56
0.71
0.90
1.40
1.09
1.07
0.80
0.59
0.62
0.62
0.69
0.60
0.54
0.62
0.74
1.00
1.18
1.49
1.52
1.84
0.30
0.30
0.30
0.32
0.32
0.32
0.31
0.32
0.30
0.30
0.30
0.30
0.30
0.31
0.31
0.32
0.32
0.37
0.41
0.72
1.15
1.09
0.93
0.81
2.47
2.46
2.16
2.09
2.02
2.21
3.03
4.09
4.07
3.00
3.00
3.00
0.55
0.93
1.03
1.49
1.31
1.18
1.80
1.98
2.01
2.28
2.63
2.22
1.91
2.27
3.69
3.56
3.42
3.84
4.07
4.30
3.44
