0.3454
0.5892
0.8644
0.785
0.7296
0.5464
0.3186
0.0204
0.0202
0.0202
0.0192
0.0032
0
0
0.0032
0.0154
0.0154
0.0154
0.0154
0.0122
0
0
0
0
0.002
0.002
0.002
0.002
0.002
0
0
0.111
0.115
0.115
0.115
0.115
0.0204
0.0164
0.0164
0.0164
0.2068
0.1904
0.235
0.2606
0.2606
0.0702
0.0702
0.027
0.0014
0.0832
0.0832
0.0832
0.0818
0.0818
0
0
0
0
0
0
0
0
0
0
0
0
0
0.0124
0.0124
0.0124
0.0124
0.0124
0
0
0
0.0994
0.1016
0.1016
0.1016
0.1016
0.0022
0
0
0
0.0194
0.0194
0.0194
0.144
0.2622
0.2978
0.2978
0.2978
0.1732
0.055
0
0.0002
0.0002
0.0002
0.0002
0.0002
0
0.0152
0.0162
0.044
0.044
0.0522
0.037
0.036
0.0082
0.0082
0
0
0
0.3826
0.4346
0.4346
0.4346
0.4346
0.052
0
0
0
0
0
0
0
0
0
0
0
0
0
0
0.0506
0.0506
0.0506
0.0506
0.0508
0.0002
0.0002
0.0008
0.0008
0.0056
0.0064
0.0064
0.0058
0.0106
0.0056
0.0068
0.0068
0.0068
0.002
0.002
0
0
0
0
0.0006
0.0006
0.0016
0.174
0.2188
0.2182
0.2182
0.2172
0.0448
0
0
0
0
0
0
0.0002
0.0002
0.0002
0.1682
0.1682
0.1724
0.1772
0.1772
0.0092
0.327
0.3226
0.3178
0.3178
0.3178
0
0
0
0
0
0.0066
0.0162
0.0968
0.1022
0.1054
0.1106
0.1436
0.063
0.0576
0.0544
0.0426
0
0
0
0
0
0
0
0.0158
0.0316
0.2002
0.2002
0.2594
0.2812
0.2806
0.1438
0.204
0.1692
0.189
0.2026
0.18
0.1198
0.0954
0.0622
0.0368
0.0862
0.1098
0.1098
0.1052
0.196
0.1602
0.1366
0.1366
0.141
0.0826
0.06
0.061
0.1642
0.1402
0.1434
0.1434
0.1782
0.1252
0.2064
0.252
0.4128
0.4016
0.3514
0.2702
0.3408
0.2488
0.2254
0.229
0.3024
0.1924
0.151
0.202
0.2298
0.1598
0.1538
0.1262
0.0964
0.0662
0.1766
0.2552
0.295
0.3128
0.3124
0.209
0.1008
0.1054
0.404
0.4346
0.4604
0.4996
0.457
0.1518
0.1446
0.1278
0.0932
0.173
0.1678
0.245
0.2678
0.3456
0.2778
0.2846
0.2404
0.2072
0.1152
0.1156
0.212
0.1952
0.3242
0.3442
0.3938
0.2646
0.2248
0.0898
0.1018
0.0488
0.0532
0.0606
0.1178
0.4866
0.7904
0.8132
0.8216
0.8928
0.492
0.178
0.1664
0.1504
0.0194
0.0292
0.0324
0.0144
0.0314
0.0846
0.0748
0.5152
0.7294
0.7144
0.6972
0.6972
0.6834
0.6642
0.695
0.7622
0.8684
0.4642
0.2726
0.2394
0.1358
0.0298
0.0036
0.1478
0.1596
0.1596
0.1602
0.1602
0.0446
0.0342
0.0342
0.0334
0.0352
0.0032
0.0018
0.0018
0.049
0.0678
0.0684
0.0816
0.1218
0.0746
0.054
0.0534
0.0402
0
0.007
0.007
0.0082
0.0092
0.0092
0.0022
0.0022
0.001
0
0
0
0.0322
0.0338
0.0338
0.0338
0.034
0.1698
0.1686
0.1686
0.173
0.1732
0.0052
0.0048
0.0048
0.0004
0
0.0004
0.0076
0.0076
0.0402
0.0414
0.041
0.0338
0.0338
0.0012
0
0
0
0
0.0002
0.0002
0.004
0.0482
0.0684
0.0682
0.0682
0.0644
0.0202
0.0008
0.0244
0.0332
0.0356
0.0356
0.0348
0.0112
0.0242
0.058
0.1198
0.1198
0.1198
0.098
0.0618
0
0
0
0
0
0
0
0.0002
0.0002
0.0002
0.0002
0.0002
0.0014
0.0028
0.0028
0.1754
0.1888
0.188
0.1866
0.1866
0.014
0.0006
0
0.0008
0.0066
0.0066
0.0066
0.0068
0.006
0.0026
0.0026
0.004
0.0038
0.0038
0.0018
0.0018
0.0004
0.0004
0.0004
0
0
0
0
0
0
0
0
0
0
0
0
0
0
0
0
0
0.0028
0.1842
0.1996
0.2936
0.2936
0.2908
0.1094
0.2116
0.2078
0.2078
0.2078
0.2082
0.099
0.481
0.4878
0.4878
0.4874
0.479
0.0068
0
0.0006
0.3538
0.3568
0.3568
0.3568
0.7942
0.441
0.482
0.4836
0.5912
0.2034
0.2034
0.1626
0.161
0.0534
0.0034
0.0034
0.0818
0.0818
0.0818
0.0816
0.0816
0.0642
0.1786
0.1786
0.1786
0.1786
0.1144
0.0116
0.0116
0.0116
0.0116
0.0116
0.0012
0.0012
0.009
0.009
0.009
0.0078
0.0084
0.0006
0.0022
0.0596
0.0596
0.059
0.059
0.0586
0.003
0.1094
0.6402
0.678
0.6768
0.675
0.5686
0.0378
0
0
0
0
0.0002
0.0498
0.0498
0.0498
0.0498
0.0496
0
0.02
0.0216
0.0516
0.0516
0.1386
0.2514
0.2786
0.2486
0.2486
0.257
0.2914
0.4318
0.6638
0.834
0.8046
0.6462
0.5296
0.3682
0.1998
0.1452
0.3008
0.441
0.3728
0.371
0.3596
0.1972
0.0656
0.0634
0.0654
0.0696
0.1444
0.1392
0.1806
0.2568
0.3394
0.2666
0.4072
0.449
0.4324
0.4638
0.5814
0.3894
0.3098
0.3128
0.197
0.0754
0.0708
0.067
0.0024
0.1574
0.2306
0.3328
0.343
0.3434
0.2024
0.1304
0.037
0.0298
0.033
0.0178
0.0186
0.014
0.0114
0.0086
0.0498
0.0576
0.0534
0.119
0.189
0.3216
0.3954
0.4672
0.452
0.408
0.3836
0.4426
0.3814
0.457
0.5132
0.407
0.4528
0.463
0.4602
0.4592
0.421
0.2446
0.224
0.1004
0.0332
0.027
0.015
0.0156
0.0884
0.137
0.1452
0.1804
0.401
0.478
0.4228
0.5518
0.5378
0.3852
0.3444
0.428
0.4708
0.6358
0.907
1.0468
0.9934
0.8298
0.6436
0.3262
0.0868
0.0484
0.032
0.032
0.0094
0
0.027
0.027
0.028
0.0602
0.0816
0.1526
0.3668
0.3736
0.3414
0.3292
0.2388
0.1398
0.2266
0.2266
0.3466
0.3832
0.2986
0.2174
0.3014
0.2258
0.3648
0.3818
0.369
0.4052
0.3614
0.1782
0.1314
0.1308
0.0158
0.0068
0.0068
0.006
0.006
0.4092
0.4102
0.4884
0.5448
0.5448
0.4734
0.4716
0.3934
0.337
0.337
0
0
0
0.0952
0.0972
0.0998
0.0998
0.0998
0.0072
0.0054
0.0028
0.0028
0.0028
0.0002
0
0
0.025
0.025
0.0288
0.0294
0.0312
0.1812
0.2472
0.2998
0.2992
0.2974
0.1224
0.0564
0
0.0018
0.0018
0.1298
0.1298
0.1298
0.128
0.128
0
0.0272
0.0272
0.031
0.0816
0.0826
0.0554
0.0566
0.0528
0.0022
0.0012
0.0054
0.0056
0.0056
0.0056
0.031
0.0796
0.079
0.079
0.079
0.0536
0.004
0.0032
0.0032
0.0032
0.0068
0.0036
0.0036
0.0036
0.0036
0
0
0
0.0036
0.0036
0.0036
0.0036
0.0036
0.0224
0.0224
0.032
0.032
0.032
0.0096
0.0096
0.012
0.012
0.012
0.012
0.012
0
0.0026
0.0026
0.0026
0.0026
0.0026
0.0012
0.0214
0.0214
0.0214
0.0214
0.2718
0.4704
0.4704
0.4704
0.4704
0.2188
0
0
0
0.0034
0.0034
0.0034
0.0034
0.0034
0
0
0
0
0
0
0
0.0036
0.0272
0.0342
0.0342
0.0342
0.0306
0.007
0
0
0
0.0004
0.0004
0.0004
0.0004
0.0004
0
0
0
0
0
0
0
0
0
0
0
0
0.1746
0.1746
0.1746
0.1746
0.1746
0
0
0
0
0
0
0
0
0
0
0
0.0016
0.0838
0.2288
0.2288
0.2288
0.228
0.1458
0.0008
0.0008
0.0008
0
0.001
0.001
0.019
0.0398
0.051
0.05
0.0524
0.1354
0.1146
0.1034
0.1034
0.101
0
0
0
0
0
0
0
0
0.012
0.0122
0.0122
0.068
0.068
0.056
0.0746
0.25
0.1942
0.1942
0.1942
0.1754
0
0.0112
0.0442
0.0498
0.0878
0.1466
0.262
0.2376
0.2712
0.2332
0.1892
0.1952
0.223
0.1838
0.1854
0.1744
0.0936
0.0572
0.0572
0.1366
0.1328
0.1102
0.1388
0.2048
0.1252
0.1252
0.2274
0.2092
0.2194
0.218
0.2222
0.0908
0.0806
0.0044
0.039
0.1944
0.3922
0.4728
0.5736
0.577
0.441
0.2632
0.2028
0.1322
0.0944
0.1212
0.195
0.289
0.3402
0.4164
0.3882
0.3468
0.3186
0.3308
0.2544
0.2322
0.1798
0.158
0.1178
0.1604
0.1766
0.1948
0.1926
0.1532
0.188
0.1746
0.1564
0.0976
0.0904
0.0606
0.0578
0.0578
0.0544
0.0476
0.0386
0.1426
0.1684
0.1874
0.188
0.1494
0.0454
0.0212
0.0022
0.0174
0.1476
0.1682
0.2268
0.2498
0.2466
0.117
0.1454
0.199
0.2032
0.3136
0.6124
0.7032
0.656
0.7034
0.6184
0.3218
0.2202
0.3598
0.4056
0.4436
0.529
0.587
0.4258
0.3964
0.4036
0.3154
0.272
0.2304
0.2502
0.1752
0.1884
0.1356
0.1428
0.0712
0.0698
0.0566
0.0566
0.2956
0.3304
0.337
0.337
0.359
0.137
0.063
0.0596
0.0726
0.0506
0.023
0.023
0.023
0.0272
0.0692
0.0832
0.198
0.188
0.1708
0.1288
0.1148
0
0
0.0012
0.0016
0.0016
0.0016
0.0016
0.0004
0
0
0
0
0
0
0
0
0
0.0008
0.045
0.045
0.045
0.1126
0.1152
0.0948
0.108
0.108
0.0444
0.041
0.0192
0.006
0.006
0.002
0.002
0
0
0
0
0.0228
0.0228
0.0228
0.0228
0.0228
0
0
0
0
0.011
0.021
0.0312
0.0312
0.144
0.134
0.124
0.1138
0.1166
0.0038
0.0028
0.0028
0.0028
0.001
0.001
0.001
0.0014
0.0024
0.005
0.382
0.396
0.4594
0.4584
0.4548
0.0828
0.0688
0.005
0.005
0.0346
0.0308
0.128
0.1366
0.1366
0.107
0.1058
0.0086
0.0002
0.0012
0.0052
0.019
0.019
0.0188
0.0178
0.0138
0.012
0.012
0.012
0.012
0.012
0
0
0
0
0
0.0002
0.0002
0.0002
0.0002
0.0032
0.003
0.0046
0.0322
0.0322
0.0292
0.0324
0.0308
0.014
0.0154
0.0154
0.0132
0.0164
0.0112
0.0214
0.0296
0.0286
0.0254
0.0198
0.0082
0.0172
0.0666
0.0676
0.0676
0.091
0.0798
0.0304
0.0388
0.0388
0.0154
0.0094
0.0094
0
0
0
0.0062
0.0062
0.0062
0.0062
0.0062
0
0.0008
0.0008
0.0008
0.0008
0.0008
0
0
0.0002
0.0002
0.0002
0.0012
0.0012
0.17
0.17
0.17
0.169
0.1852
0.0166
0.019
0.021
0.0214
0.0052
0.0048
0.0024
0.0004
0
0.0098
0.0098
0.0098
0.0098
0.0098
0
0.019
0.0336
0.0336
0.0336
0.0336
0.2792
0.3536
0.3744
0.3744
0.3744
0.1652
0.0762
0.0554
0.0554
0.0554
0
0.0164
0.0164
0.0164
0.0164
0.0164
0
0.0152
0.0152
0.0152
0.0152
0.0152
0.1552
0.1634
0.1654
0.1654
0.3302
0.187
0.1788
0.1768
0.1768
0.012
0.0018
0.12
0.2382
0.2584
0.2632
0.2614
0.4928
0.3756
0.3778
0.373
0.373
0.0234
0.033
0.0106
0.011
0.011
0.011
0.0004
0.0004
0.0416
