1.475
1.46
1.305
1.295
1.24
1.235
1.805
2.13
1.82
1.3
1.34
1.245
1.01
0.86
0.91
0.69
0.88
1.32
1.125
1.14
1.01
0.95
0.97
1.215
1.1
0.92
1.04
0.76
0.755
0.97
1.04
0.74
0.925
1.04
1.015
1.06
1.135
0.74
0.8
0.84
0.865
0.705
0.86
0.505
0.5
0.64
0.53
0.605
0.695
0.75
0.685
0.625
0.58
0.705
0.72
0.45
0.26
0.175
0.16
0.24
0.285
0.175
0.025
0.03
0.23
0.63
0.695
0.54
0.915
0.905
0.74
0.705
0.58
0.59
0.635
0.76
0.565
0.53
0.655
0.675
0.59
0.62
0.645
0.68
0.545
0.48
0.555
0.485
0.555
0.65
0.615
0.675
0.56
0.605
0.53
0.31
0.25
0.575
0.27
0.335
0.285
0.265
0.46
0.35
0.22
0.54
0.58
0.9
0.95
0.68
0.67
0.51
0.545
0.78
1.025
0.9
1.09
1.06
0.685
0.36
0.12
0.32
0.265
0.225
0.135
0.46
0.72
0.67
0.685
0.78
0.545
0.52
0.495
0.43
0.44
0.51
0.47
0.695
0.745
0.815
1.16
1.02
0.945
0.71
0.525
0.405
0.665
0.95
1
1.035
0.88
0.885
0.81
0.88
0.8
0.72
0.625
0.665
0.6
0.625
0.56
0.42
0.03
0.205
0.41
0.525
0.445
0.265
0.2
0.31
0.215
0.04
0.05
0.11
0.195
0.225
0.44
0.535
0.475
0.41
0.51
0.39
0.505
0.61
0.62
0.47
0.365
0.445
0.49
0.52
0.53
0.37
0.21
0.19
0.195
0.27
0.215
0.275
0.22
0.19
0.28
0.26
0.345
0.27
0.2
0.25
0.48
0.335
0.435
0.36
0.295
0.32
0.45
0.49
0.47
0.35
0.345
0.33
0.365
0.515
0.515
0.63
0.66
0.6
0.74
0.43
0.54
0.43
0.445
0.4
0.4
0.455
0.495
0.455
0.33
0.105
0.01
0.04
0.095
0.145
0.1
0.21
0.25
0.335
0.465
0.485
0.48
0.555
0.475
0.44
0.545
0.54
0.64
0.47
0.36
0.405
0.345
0.395
0.35
0.23
0.25
0.395
0.505
0.535
0.33
0.295
0.365
0.24
0.255
0.35
0.285
0.21
0.325
0.425
0.455
0.51
0.545
0.66
0.73
0.59
0.7
0.67
0.5
0.25
0.1
0.325
0.44
0.43
0.47
0.45
0.405
0.21
0.25
0.225
0.26
0.465
0.45
0.485
0.77
0.795
0.71
0.6
0.435
0.58
0.91
1.955
3.14
1.285
0.815
0.58
0.77
0.57
0.715
0.695
0.885
0.95
0.83
0.68
0.6
0.52
0.725
1.29
2.15
2.1
1.815
1.775
2.225
4.145
3.24
2.565
2.015
1.84
1.75
1.415
1.26
1.285
1.165
1.1
1.35
1.505
1.625
1.52
1.33
1.385
1.455
1.395
1.52
1.195
1.035
0.93
0.73
0.64
0.89
1.415
1.71
1.84
1.955
1.84
1.81
1.625
1.525
1.365
1.195
0.925
0.84
0.745
0.83
0.845
1.275
1.19
0.985
0.985
1.455
1.48
1.325
1.07
1.07
1.56
1.37
1.145
1.1
1.025
0.93
0.81
0.855
0.93
1
0.8
0.55
0.925
0.73
0.66
0.765
0.58
0.59
0.61
0.76
0.49
0.305
0.3
0.34
0.2
0.115
0.14
0.105
0.085
0.195
0.29
0.765
0.615
0.745
0.67
0.54
0.605
0.575
0.65
0.44
0.635
0.725
0.795
1.02
0.845
0.775
0.735
0.46
0.51
0.29
0.215
0.235
0.315
0.305
0.295
0.19
0.32
0.53
0.54
0.705
0.4
0.615
1.04
1.12
1.105
1.02
0.915
0.93
0.685
0.565
0.815
1
1.035
0.8
1.07
1.145
1.17
1.095
1.15
1.125
1.215
1.54
1.78
1.83
1.55
1.545
1.25
0.99
0.94
1.105
1.07
0.855
0.515
0.48
0.55
0.56
0.66
0.44
0.31
0.115
0.13
0.42
0.455
0.8
0.95
0.73
0.465
0.53
0.575
0.57
0.285
0.215
0.455
0.45
0.42
0.645
0.565
0.305
0.345
0.225
0.21
0.37
0.57
0.705
0.89
0.835
0.795
0.875
0.625
0.51
0.645
0.795
0.87
0.7
0.69
0.625
0.485
0.39
0.37
0.455
0.515
0.585
0.72
0.72
0.735
0.705
0.75
0.89
0.93
0.74
0.82
1.11
1.435
1.56
1.28
1.1
0.915
0.79
0.81
0.705
0.7
0.67
0.655
0.4
0.415
0.565
0.485
0.41
0.46
0.725
0.755
0.71
0.87
1.105
0.935
0.745
0.665
0.535
0.545
0.655
0.71
0.76
0.825
0.675
0.585
0.685
0.87
0.84
0.995
1.085
0.915
0.93
1.08
1.015
0.85
0.845
0.92
0.85
0.755
0.745
0.785
0.83
0.675
0.725
0.8
0.88
0.91
0.87
0.915
0.82
0.72
0.745
0.61
0.585
0.77
0.765
0.705
0.735
0.94
0.99
0.95
1.09
1.205
1.11
1.065
0.845
0.69
1.16
1.18
0.985
0.64
0.565
0.625
0.665
0.625
0.7
0.765
0.68
0.585
0.63
0.6
0.555
0.5
0.47
0.475
0.48
0.42
0.55
0.665
0.68
0.63
0.71
0.91
0.89
0.63
0.375
0.31
0.335
0.32
0.485
0.6
0.805
0.79
1.005
0.9
0.975
1.03
0.985
0.91
0.78
0.74
0.7
0.755
0.615
0.67
0.67
0.7
0.74
0.765
0.855
0.91
0.83
0.81
1.325
1.09
1.19
0.955
0.885
0.875
0.84
0.845
0.98
1.46
1.74
1.76
2.025
2.145
2.19
2.355
2.17
1.975
1.86
1.655
1.77
1.825
1.675
1.425
1.46
1.505
1.895
1.305
1.275
1.27
1.205
1.33
1.345
1.43
1.455
1.43
1.52
1.6
1.655
1.905
2.045
2.205
1.805
1.86
1.515
1.41
1.33
1.345
1.435
1.7
1.82
2.015
2.075
1.93
1.745
1.64
1.385
1.11
1
0.95
2.105
1.92
1.51
1.32
1.245
1.39
1.645
1.54
1.46
1.3
1.49
1.38
1.165
1.08
0.965
1.01
1.165
1.09
1.08
1.105
1.15
0.935
0.91
0.77
0.47
0.8
1.25
1.23
0.955
0.68
0.79
0.585
0.28
0.325
0.63
0.655
0.67
0.375
0.5
0.6
0.725
0.67
0.44
0.23
0.72
0.715
0.34
0.475
0.78
0.81
0.63
0.8
0.83
0.58
0.635
0.47
0.69
0.985
0.94
0.935
0.765
0.635
0.4
0.195
0.135
0.205
0.2
0.19
0.295
0.19
0.17
0.09
0.32
0.535
0.51
0.48
0.405
0.36
0.255
0.14
0.16
0.245
0.245
0.51
0.74
0.7
0.345
0.325
0.525
0.27
0.215
0.095
0.115
0.27
0.38
0.505
0.435
0.49
0.585
0.6
0.635
0.715
0.675
0.595
0.375
0.23
0.165
0.22
0.305
0.44
0.48
0.34
0.375
0.29
0.35
0.27
0.125
0.125
0.085
0.24
0.175
0.06
0.06
0.08
0.46
0.37
0.96
0.765
0.605
0.54
0.545
0.585
0.525
0.455
0.54
0.67
0.705
0.56
0.285
0.175
0.315
0.31
0.405
0.52
0.385
0.53
0.59
0.69
0.52
0.425
0.585
0.615
0.695
0.895
0.825
0.76
0.755
0.7
0.56
0.485
0.465
0.495
0.485
0.595
0.645
0.575
0.695
0.625
0.9
1.115
0.975
0.905
0.69
0.625
0.56
0.525
0.605
0.74
0.67
0.45
0.46
0.44
0.445
0.535
0.63
0.625
0.815
0.965
1.155
1.34
1.29
1.175
1.08
1.045
1.02
0.86
0.74
0.88
1.18
1.055
1.095
1.12
1.03
0.795
0.685
1.085
1.18
0.965
0.825
0.725
0.675
0.755
0.715
0.76
0.575
0.495
0.505
0.62
0.8
0.905
0.81
0.78
0.625
0.37
0.4
0.52
0.635
0.52
0.42
0.3
0.2
0.16
0.125
0.09
0.07
0.18
0.325
0.51
0.275
0.275
0.265
0.305
0.525
0.735
0.73
0.575
0.37
0.29
0.445
0.58
0.56
0.435
0.32
0.45
0.49
0.34
0.21
0.46
0.705
0.63
0.46
0.465
0.485
0.53
0.52
0.43
0.41
0.33
0.385
0.395
0.36
0.4
0.075
0.105
0.065
0.15
0.205
0.385
0.305
0.31
0.325
0.345
0.21
0.185
0.29
0.405
0.495
0.515
0.48
0.41
0.46
0.485
0.445
0.525
0.75
0.825
0.635
0.545
0.485
0.71
0.665
0.455
0.385
0.63
0.7
0.715
0.835
0.855
0.84
0.775
1.065
0.555
0.53
0.65
0.74
0.89
0.975
1
1.015
1.16
1.23
1.4
1.45
1.45
1.55
1.31
1.105
1.2
1.27
1.245
1.05
0.99
1.065
1.055
0.88
0.75
0.585
0.55
0.715
0.685
0.755
0.75
0.765
0.885
1.055
1.25
1.365
1.385
1.31
1.22
1.515
1.53
1.735
1.28
1.16
0.97
1.45
1.28
1.105
0.97
0.875
0.86
0.865
0.93
0.975
0.9
1
1.1
1.13
0.96
0.925
1.02
1.125
0.98
0.95
1.095
1.37
1.565
1.505
1.4
1.275
1.18
1.08
1.01
0.92
1.05
0.845
0.82
0.68
0.545
0.645
0.755
0.755
0.83
1.2
1.035
1.17
1.27
1.38
1.295
1.155
0.955
0.655
0.505
0.34
0.235
0.645
0.735
1.18
0.695
0.74
0.98
0.89
0.635
0.555
0.365
0.43
0.545
0.71
0.875
0.88
0.685
0.94
1.045
1
0.75
0.76
0.83
0.615
0.58
0.665
0.6
0.655
0.76
0.65
0.47
0.67
0.825
0.67
0.475
0.43
0.195
0.17
0.49
0.59
0.52
0.445
0.425
0.405
0.29
0.35
0.675
0.79
0.9
0.91
0.72
0.58
0.755
0.875
0.865
0.73
0.64
0.46
0.565
0.46
0.65
0.555
0.495
0.615
0.63
0.33
0.21
0.19
0.205
0.25
0.325
0.37
0.37
0.34
0.265
0.425
0.52
0.535
0.495
0.49
0.385
0.42
0.415
0.49
0.42
0.325
0.32
0.4
0.645
0.495
0.43
0.365
0.33
0.55
0.595
0.485
0.54
0.5
0.535
0.585
0.495
0.47
0.405
0.425
0.53
0.695
0.74
0.555
0.44
0.435
0.4
0.38
0.325
0.33
0.28
0.31
0.54
0.6
0.705
0.62
0.64
0.52
0.525
0.65
0.89
0.96
0.75
0.735
0.75
0.755
0.615
0.475
0.56
0.515
0.45
0.755
0.77
0.815
0.865
0.955
0.94
0.9
0.875
0.875
0.725
0.545
0.47
0.51
0.625
0.55
0.55
0.495
0.535
0.595
0.72
1.36
1.95
1.735
1.68
1.76
1.75
1.44
1.37
1.35
1.23
1.065
1.025
1.18
1.4
1.3
1.25
1.21
1.08
1.085
0.935
0.99
0.84
0.845
0.805
0.725
