-39.60346664091044
-5.575429512526891
12.70901988387528
-0.9153467487857774
-33.61908242632906
6.526481059274813
3.839620259659557
-0.9678162878030545
-9.305123884570481
16.653695184713065
-3.7587744353148773
-0.1185233865478863
3.1118035799710837
-0.9921736450474519
-0.512390957092449
-0.9350346681573021
26.825084390056173
-12.257779896204537
7.537252898969467
0.9583636149467287
-36.467266492835776
-9.810202356804108
24.317341919525752
0.3939088912617581
4.190014917684523
4.762836375794433
1.0365380766517551
-11.656077429791562
5.535121933220648
-3.2040341138414457
0.2571000729298305
